Entity,Score
cookiecutter/generate.py::87,1.0841040462427747
cookiecutter/generate.py::85,0.9855656697009103
cookiecutter/generate.py::84,0.9855656697009103
cookiecutter/generate.py::82,0.9855656697009103
cookiecutter/utils.py::69,0.1
cookiecutter/utils.py::68,0.1
cookiecutter/utils.py::60,0.1
cookiecutter/utils.py::58,0.1
cookiecutter/utils.py::57,0.1
cookiecutter/utils.py::56,0.1
cookiecutter/utils.py::55,0.1
cookiecutter/utils.py::54,0.1
cookiecutter/utils.py::45,0.1
cookiecutter/utils.py::41,0.1
cookiecutter/utils.py::40,0.1
cookiecutter/utils.py::39,0.1
cookiecutter/utils.py::38,0.1
cookiecutter/utils.py::30,0.1
cookiecutter/hooks.py::93,0.1
cookiecutter/hooks.py::91,0.1
cookiecutter/hooks.py::90,0.1
cookiecutter/hooks.py::89,0.1
cookiecutter/hooks.py::88,0.1
cookiecutter/hooks.py::86,0.1
cookiecutter/hooks.py::85,0.1
cookiecutter/hooks.py::84,0.1
cookiecutter/hooks.py::83,0.1
cookiecutter/hooks.py::82,0.1
cookiecutter/hooks.py::81,0.1
cookiecutter/hooks.py::79,0.1
cookiecutter/hooks.py::77,0.1
cookiecutter/hooks.py::75,0.1
cookiecutter/hooks.py::74,0.1
cookiecutter/hooks.py::73,0.1
cookiecutter/hooks.py::64,0.1
cookiecutter/hooks.py::63,0.1
cookiecutter/hooks.py::62,0.1
cookiecutter/hooks.py::60,0.1
cookiecutter/hooks.py::59,0.1
cookiecutter/hooks.py::58,0.1
cookiecutter/hooks.py::57,0.1
cookiecutter/hooks.py::55,0.1
cookiecutter/hooks.py::54,0.1
cookiecutter/hooks.py::53,0.1
cookiecutter/hooks.py::51,0.1
cookiecutter/hooks.py::36,0.1
cookiecutter/hooks.py::34,0.1
cookiecutter/hooks.py::33,0.1
cookiecutter/hooks.py::32,0.1
cookiecutter/hooks.py::30,0.1
cookiecutter/hooks.py::29,0.1
cookiecutter/hooks.py::131,0.1
cookiecutter/hooks.py::130,0.1
cookiecutter/hooks.py::129,0.1
cookiecutter/hooks.py::128,0.1
cookiecutter/hooks.py::127,0.1
cookiecutter/hooks.py::126,0.1
cookiecutter/hooks.py::125,0.1
cookiecutter/hooks.py::114,0.1
cookiecutter/hooks.py::112,0.1
cookiecutter/hooks.py::111,0.1
cookiecutter/hooks.py::110,0.1
cookiecutter/hooks.py::109,0.1
cookiecutter/hooks.py::108,0.1
cookiecutter/hooks.py::106,0.1
cookiecutter/hooks.py::105,0.1
cookiecutter/hooks.py::103,0.1
cookiecutter/generate.py::99,0.1
cookiecutter/generate.py::96,0.1
cookiecutter/generate.py::94,0.1
cookiecutter/generate.py::93,0.1
cookiecutter/generate.py::91,0.1
cookiecutter/generate.py::90,0.1
cookiecutter/generate.py::86,0.1
cookiecutter/generate.py::67,0.1
cookiecutter/generate.py::64,0.1
cookiecutter/generate.py::63,0.1
cookiecutter/generate.py::59,0.1
cookiecutter/generate.py::57,0.1
cookiecutter/generate.py::55,0.1
cookiecutter/generate.py::53,0.1
cookiecutter/generate.py::51,0.1
cookiecutter/generate.py::50,0.1
cookiecutter/generate.py::45,0.1
cookiecutter/generate.py::43,0.1
cookiecutter/generate.py::42,0.1
cookiecutter/generate.py::41,0.1
cookiecutter/generate.py::40,0.1
cookiecutter/generate.py::39,0.1
cookiecutter/generate.py::380,0.1
cookiecutter/generate.py::38,0.1
cookiecutter/generate.py::377,0.1
cookiecutter/generate.py::376,0.1
cookiecutter/generate.py::375,0.1
cookiecutter/generate.py::374,0.1
cookiecutter/generate.py::373,0.1
cookiecutter/generate.py::372,0.1
cookiecutter/generate.py::371,0.1
cookiecutter/generate.py::369,0.1
cookiecutter/generate.py::368,0.1
cookiecutter/generate.py::367,0.1
cookiecutter/generate.py::366,0.1
cookiecutter/generate.py::365,0.1
cookiecutter/generate.py::363,0.1
cookiecutter/generate.py::362,0.1
cookiecutter/generate.py::361,0.1
cookiecutter/generate.py::360,0.1
cookiecutter/generate.py::359,0.1
cookiecutter/generate.py::358,0.1
cookiecutter/generate.py::356,0.1
cookiecutter/generate.py::355,0.1
cookiecutter/generate.py::354,0.1
cookiecutter/generate.py::353,0.1
cookiecutter/generate.py::352,0.1
cookiecutter/generate.py::351,0.1
cookiecutter/generate.py::350,0.1
cookiecutter/generate.py::349,0.1
cookiecutter/generate.py::347,0.1
cookiecutter/generate.py::346,0.1
cookiecutter/generate.py::345,0.1
cookiecutter/generate.py::344,0.1
cookiecutter/generate.py::343,0.1
cookiecutter/generate.py::342,0.1
cookiecutter/generate.py::340,0.1
cookiecutter/generate.py::339,0.1
cookiecutter/generate.py::338,0.1
cookiecutter/generate.py::337,0.1
cookiecutter/generate.py::336,0.1
cookiecutter/generate.py::335,0.1
cookiecutter/generate.py::331,0.1
cookiecutter/generate.py::330,0.1
cookiecutter/generate.py::329,0.1
cookiecutter/generate.py::328,0.1
cookiecutter/generate.py::327,0.1
cookiecutter/generate.py::326,0.1
cookiecutter/generate.py::324,0.1
cookiecutter/generate.py::322,0.1
cookiecutter/generate.py::321,0.1
cookiecutter/generate.py::317,0.1
cookiecutter/generate.py::316,0.1
cookiecutter/generate.py::314,0.1
cookiecutter/generate.py::313,0.1
cookiecutter/generate.py::309,0.1
cookiecutter/generate.py::307,0.1
cookiecutter/generate.py::306,0.1
cookiecutter/generate.py::303,0.1
cookiecutter/generate.py::302,0.1
cookiecutter/generate.py::301,0.1
cookiecutter/generate.py::299,0.1
cookiecutter/generate.py::295,0.1
cookiecutter/generate.py::294,0.1
cookiecutter/generate.py::285,0.1
cookiecutter/generate.py::284,0.1
cookiecutter/generate.py::283,0.1
cookiecutter/generate.py::281,0.1
cookiecutter/generate.py::280,0.1
cookiecutter/generate.py::279,0.1
cookiecutter/generate.py::278,0.1
cookiecutter/generate.py::277,0.1
cookiecutter/generate.py::276,0.1
cookiecutter/generate.py::274,0.1
cookiecutter/generate.py::273,0.1
cookiecutter/generate.py::272,0.1
cookiecutter/generate.py::252,0.1
cookiecutter/generate.py::250,0.1
cookiecutter/generate.py::248,0.1
cookiecutter/generate.py::247,0.1
cookiecutter/generate.py::246,0.1
cookiecutter/generate.py::245,0.1
cookiecutter/generate.py::244,0.1
cookiecutter/generate.py::243,0.1
cookiecutter/generate.py::242,0.1
cookiecutter/generate.py::241,0.1
cookiecutter/generate.py::226,0.1
cookiecutter/generate.py::224,0.1
cookiecutter/generate.py::223,0.1
cookiecutter/generate.py::218,0.1
cookiecutter/generate.py::216,0.1
cookiecutter/generate.py::214,0.1
cookiecutter/generate.py::213,0.1
cookiecutter/generate.py::210,0.1
cookiecutter/generate.py::209,0.1
cookiecutter/generate.py::208,0.1
cookiecutter/generate.py::207,0.1
cookiecutter/generate.py::205,0.1
cookiecutter/generate.py::202,0.1
cookiecutter/generate.py::201,0.1
cookiecutter/generate.py::199,0.1
cookiecutter/generate.py::197,0.1
cookiecutter/generate.py::196,0.1
cookiecutter/generate.py::189,0.1
cookiecutter/generate.py::186,0.1
cookiecutter/generate.py::185,0.1
cookiecutter/generate.py::183,0.1
cookiecutter/generate.py::181,0.1
cookiecutter/generate.py::180,0.1
cookiecutter/generate.py::179,0.1
cookiecutter/generate.py::178,0.1
cookiecutter/generate.py::175,0.1
cookiecutter/generate.py::174,0.1
cookiecutter/generate.py::170,0.1
cookiecutter/generate.py::169,0.1
cookiecutter/generate.py::168,0.1
cookiecutter/generate.py::165,0.1
cookiecutter/generate.py::164,0.1
cookiecutter/generate.py::163,0.1
cookiecutter/generate.py::160,0.1
cookiecutter/generate.py::156,0.1
cookiecutter/generate.py::155,0.1
cookiecutter/generate.py::154,0.1
cookiecutter/generate.py::153,0.1
cookiecutter/generate.py::150,0.1
cookiecutter/generate.py::148,0.1
cookiecutter/generate.py::147,0.1
cookiecutter/generate.py::146,0.1
cookiecutter/generate.py::144,0.1
cookiecutter/generate.py::143,0.1
cookiecutter/generate.py::142,0.1
cookiecutter/generate.py::141,0.1
cookiecutter/generate.py::140,0.1
cookiecutter/generate.py::138,0.1
cookiecutter/generate.py::135,0.1
cookiecutter/generate.py::111,0.1
cookiecutter/generate.py::110,0.1
cookiecutter/generate.py::108,0.1
cookiecutter/generate.py::107,0.1
cookiecutter/generate.py::106,0.1
cookiecutter/generate.py::105,0.1
cookiecutter/generate.py::101,0.1
cookiecutter/generate.py::100,0.1
cookiecutter/find.py::31,0.1
cookiecutter/find.py::29,0.1
cookiecutter/find.py::28,0.1
cookiecutter/find.py::27,0.1
cookiecutter/find.py::26,0.1
cookiecutter/find.py::24,0.1
cookiecutter/find.py::23,0.1
cookiecutter/find.py::22,0.1
cookiecutter/find.py::21,0.1
cookiecutter/find.py::20,0.1
cookiecutter/find.py::18,0.1
cookiecutter/find.py::16,0.1
cookiecutter/extensions.py::7,0.1
cookiecutter/extensions.py::6,0.1
cookiecutter/extensions.py::51,0.1
cookiecutter/extensions.py::47,0.1
cookiecutter/extensions.py::45,0.1
cookiecutter/extensions.py::43,0.1
cookiecutter/extensions.py::41,0.1
cookiecutter/extensions.py::40,0.1
cookiecutter/extensions.py::4,0.1
cookiecutter/extensions.py::37,0.1
cookiecutter/extensions.py::35,0.1
cookiecutter/extensions.py::34,0.1
cookiecutter/extensions.py::32,0.1
cookiecutter/extensions.py::31,0.1
cookiecutter/extensions.py::30,0.1
cookiecutter/extensions.py::3,0.1
cookiecutter/extensions.py::28,0.1
cookiecutter/extensions.py::26,0.1
cookiecutter/extensions.py::24,0.1
cookiecutter/extensions.py::23,0.1
cookiecutter/extensions.py::20,0.1
cookiecutter/extensions.py::2,0.1
cookiecutter/extensions.py::18,0.1
cookiecutter/extensions.py::17,0.1
cookiecutter/extensions.py::15,0.1
cookiecutter/extensions.py::13,0.1
cookiecutter/extensions.py::11,0.1
cookiecutter/extensions.py::10,0.1
cookiecutter/extensions.py::1,0.1
cookiecutter/exceptions.py::122,0.1
cookiecutter/exceptions.py::121,0.1
cookiecutter/exceptions.py::120,0.1
cookiecutter/environment.py::64,0.1
cookiecutter/environment.py::47,0.1
cookiecutter/environment.py::46,0.1
cookiecutter/environment.py::45,0.1
cookiecutter/environment.py::44,0.1
cookiecutter/environment.py::34,0.1
cookiecutter/environment.py::33,0.1
cookiecutter/environment.py::31,0.1
cookiecutter/environment.py::29,0.1
cookiecutter/environment.py::28,0.1
cookiecutter/environment.py::27,0.1
cookiecutter/environment.py::26,0.1
cookiecutter/environment.py::23,0.1
